,title,avg_visits,avg_time,std_visit,std_time,err_visits,err_time
0,./results,7.844736842105263,152.58747689208565,0.9061316133189881,13.856115801668945,0.39712968925279096,6.0727104999815875
1,./results/t1a,24.10909090909091,42.00514057362235,2.3726548596623993,2.050141437130922,1.0398618404566682,0.8985141009151153
2,./results/t1b,23.979545454545455,43.309203744761646,2.3300650021642255,2.2217674233961184,1.021196012419151,0.9737325058260222
3,./results/t1c,23.1275,46.7234941685271,2.189987683214584,2.3685103039068265,0.9598044205927966,1.0380454088090925
4,./results/t1d,25.864583333333332,41.83082666793808,2.713783596004925,1.4464111073411199,1.189368100990604,0.6339176176473958
5,./results/t2a,10.224193548387097,86.89035377379669,1.5366873698743202,6.749706982276796,0.673482934164051,2.958189513552873
6,./results/t2b,10.115,90.28904227334547,1.0992940318318174,4.08001033671375,0.48178685175740915,1.788143370511575
7,./results/t2c,9.629591836734694,98.32862582907018,0.9842859915553729,6.328914627447833,0.4313823557380451,2.7737691328301577
8,./results/t2d,10.46123595505618,90.00206458082437,1.0260397133665302,4.206118435485972,0.44968173115358434,1.8434126816596925
9,./results/t4a,12.981521739130434,70.7966150811194,2.0787557576469284,4.128615014995119,0.9110548798126515,1.8094453099852583
10,./results/t4b,10.793333333333333,80.78091921486376,1.5275014104099605,6.745327056421168,0.6694570099230813,2.956269926410753
11,./results/t4c,3.6633333333333336,256.65773269763736,1.5462759975789442,29.42803693875039,0.6776853355423125,12.897405843726455
12,./results/t4d,12.434090909090909,72.5935144913421,1.8936333085996393,6.356121715335675,0.8299213892873796,2.7856931648356147
